header:
  stamp:
    sec: 0
    nanosec: 0
  frame_id: base_link
pose:
  position:
    x: 0.078963524902600779
    y: 0.46937967924836044
    z: 0.37523895882448666
  orientation:
    x: -0.4638451397859456
    y: 0.57108871394531535
    z: -0.55024823874428519
    w: 0.39488256844289044